1	1sector1	20	5	perpendicular	54.614987, 18.244518	54.615003, 18.245587
1	1sector2	10	0	perpendicular	54.614999, 18.243784	54.615147, 18.243848
1	1sector3	20	0	perpendicular	54.613009, 18.242777	54.613350, 18.242964
1	1sector4	10	0	parallel	54.614032, 18.243499	54.614560, 18.243636
2	2sector1	10	5	perpendicular	54.609535, 18.246117	54.609442, 18.246498
2	2sector2	20	0	perpendicular	54.609433, 18.246685	54.609331, 18.247553
2	2sector3	20	0	perpendicular	54.609370, 18.246096	54.609327, 18.246481
2	2sector4	20	0	perpendicular	54.609237, 18.246070	54.609180, 18.246428
2	2sector5	20	0	perpendicular	54.609086, 18.246018	54.609047, 18.246383
2	2sector6	20	0	perpendicular	54.608944, 18.245968	54.608906, 18.246353
2	2sector7	10	0	perpendicular	54.608814, 18.245927	54.608757, 18.246293
2	2sector8	12	0	perpendicular	54.608743, 18.246443	54.608474, 18.246356
2	2sector9	8	0	perpendicular	54.609306, 18.246590	54.609148, 18.246536
3	3sector1	20	5	perpendicular	54.605048, 18.251028	54.604716, 18.250910
3	3sector2	20	0	perpendicular	54.605021, 18.251271	54.604707, 18.251151
3	3sector3	20	0	perpendicular	54.605000, 18.251502	54.604698, 18.251386
3	3sector4	20	0	perpendicular	54.604969, 18.251726	54.604691, 18.251599
4	4sector1	20	5	perpendicular	54.6031008,18.2612199	54.603038, 18.264021
4	4sector2	20	0	perpendicular	54.603020, 18.262935	54.602956, 18.264005
5	5sector1	20	3	perpendicular	54.606813, 18.268600	54.607134, 18.268337
5	5sector2	10	2	perpendicular	54.607216, 18.268396	54.607187, 18.268907
5	5sector3	10	0	perpendicular	54.607095, 18.268525	54.607067, 18.268873
6	6sector1	10	5	perpendicular	54.606849, 18.239937	54.606486, 18.239773
6	6sector2	10	0	perpendicular	54.606844, 18.239811	54.606513, 18.239648
7	7sector1	7	5	perpendicular	54.609174, 18.220213	54.609079, 18.219942
8	8sector1	20	5	perpendicular	54.604766, 18.211586	54.605684, 18.211509
8	8sector2	10	0	parallel	54.604752, 18.211805	54.605343, 18.211614
9	9sector1	10	5	perpendicular	54.607407, 18.234335	54.607294, 18.234099
9	9sector2	5	0	perpendicular	54.607312, 18.234334	54.607232, 18.234214
10	10sector1	6	5	perpendicular	54.605336, 18.228147	54.605532,18.2274626
11	11sector1	5	5	perpendicular	54.602290, 18.225371	54.602403, 18.225438
11	11sector2	5	0	perpendicular	54.602258, 18.225572	54.602381, 18.225601
12	12sector1	8	5	perpendicular	54.602127, 18.233375	54.602366, 18.233545
13	13sector1	10	3	perpendicular	54.599949, 18.230501	54.599801, 18.230612
13	13sector2	20	2	perpendicular	54.599942, 18.230324	54.599774, 18.230388
13	13sector3	10	0	perpendicular	54.599841, 18.229957	54.599792, 18.230244
14	14sector1	20	5	perpendicular	54.597530, 18.233700	54.596863, 18.233417
14	14sector2	10	0	perpendicular	54.597299, 18.233416	54.596929, 18.233285
14	14sector3	10	0	perpendicular	54.596623, 18.233297	54.596286, 18.233185
15	15sector1	10	5	perpendicular	54.595340, 18.232432	54.595164, 18.232768
15	15sector2	5	0	perpendicular	54.595383, 18.232257	54.595297, 18.232210
